name: ChatOps
channels:
  - conda-forge
  - defaults
dependencies:
  - asttokens=2.4.1=pyhd8ed1ab_0
  - bzip2=1.0.8=h2bbff1b_6
  - ca-certificates=2024.7.4=h56e8100_0
  - colorama=0.4.6=pyhd8ed1ab_0
  - comm=0.2.2=pyhd8ed1ab_0
  - debugpy=1.8.2=py312h275cf98_0
  - decorator=5.1.1=pyhd8ed1ab_0
  - exceptiongroup=1.2.2=pyhd8ed1ab_0
  - executing=2.0.1=pyhd8ed1ab_0
  - expat=2.6.2=hd77b12b_0
  - importlib-metadata=8.0.0=pyha770c72_0
  - importlib_metadata=8.0.0=hd8ed1ab_0
  - ipykernel=6.29.5=pyh4bbf305_0
  - ipython=8.26.0=pyh7428d3b_0
  - jedi=0.19.1=pyhd8ed1ab_0
  - jupyter_client=8.6.2=pyhd8ed1ab_0
  - jupyter_core=5.7.2=py312h2e8e312_0
  - krb5=1.21.3=hdf4eb48_0
  - libexpat=2.6.2=h63175ca_0
  - libffi=3.4.4=hd77b12b_1
  - libsodium=1.0.18=h8d14728_1
  - libsqlite=3.46.0=h2466b09_0
  - libzlib=1.3.1=h2466b09_1
  - matplotlib-inline=0.1.7=pyhd8ed1ab_0
  - nest-asyncio=1.6.0=pyhd8ed1ab_0
  - openssl=3.3.1=h2466b09_2
  - packaging=24.1=pyhd8ed1ab_0
  - parso=0.8.4=pyhd8ed1ab_0
  - pickleshare=0.7.5=py_1003
  - pip=24.0=py312haa95532_0
  - platformdirs=4.2.2=pyhd8ed1ab_0
  - prompt-toolkit=3.0.47=pyha770c72_0
  - psutil=6.0.0=py312h4389bb4_0
  - pure_eval=0.2.2=pyhd8ed1ab_0
  - pygments=2.18.0=pyhd8ed1ab_0
  - python=3.12.4=h889d299_0_cpython
  - python-dateutil=2.9.0=pyhd8ed1ab_0
  - python_abi=3.12=4_cp312
  - pywin32=306=py312h53d5487_2
  - pyzmq=26.0.3=py312hd7027bb_0
  - setuptools=69.5.1=py312haa95532_0
  - six=1.16.0=pyh6c4a22f_0
  - sqlite=3.45.3=h2bbff1b_0
  - stack_data=0.6.2=pyhd8ed1ab_0
  - tk=8.6.13=h5226925_1
  - tornado=6.4.1=py312h4389bb4_0
  - traitlets=5.14.3=pyhd8ed1ab_0
  - typing_extensions=4.12.2=pyha770c72_0
  - tzdata=2024a=h04d1e81_0
  - ucrt=10.0.22621.0=h57928b3_0
  - vc=14.2=h2eaa2aa_4
  - vc14_runtime=14.40.33810=ha82c5b3_20
  - vs2015_runtime=14.40.33810=h3bf8584_20
  - wcwidth=0.2.13=pyhd8ed1ab_0
  - wheel=0.43.0=py312haa95532_0
  - xz=5.4.6=h8cc25b3_1
  - zeromq=4.3.5=he1f189c_4
  - zipp=3.19.2=pyhd8ed1ab_0
  - zlib=1.3.1=h2466b09_1
  - pip:
      - aiohttp==3.9.5
      - aiosignal==1.3.1
      - annotated-types==0.7.0
      - attrs==23.2.0
      - beautifulsoup4==4.12.3
      - certifi==2024.7.4
      - charset-normalizer==3.3.2
      - click==8.1.7
      - dataclasses-json==0.6.7
      - deep-translator==1.11.4
      - filelock==3.13.1
      - frozenlist==1.4.1
      - fsspec==2024.2.0
      - greenlet==3.0.3
      - huggingface-hub==0.24.0
      - idna==3.7
      - intel-openmp==2021.4.0
      - jinja2==3.1.3
      - joblib==1.4.2
      - json-repair==0.25.3
      - jsonpatch==1.33
      - jsonpointer==3.0.0
      - langchain==0.2.9
      - langchain-community==0.2.7
      - langchain-core==0.2.21
      - langchain-experimental==0.0.62
      - langchain-text-splitters==0.2.2
      - langsmith==0.1.90
      - markupsafe==2.1.5
      - marshmallow==3.21.3
      - mkl==2021.4.0
      - mpmath==1.3.0
      - multidict==6.0.5
      - mypy-extensions==1.0.0
      - neo4j==5.22.0
      - networkx==3.2.1
      - nltk==3.8.1
      - numpy==1.26.3
      - orjson==3.10.6
      - pillow==10.2.0
      - pydantic==2.8.2
      - pydantic-core==2.20.1
      - pymupdf==1.24.7
      - pymupdfb==1.24.6
      - pytz==2024.1
      - pyyaml==6.0.1
      - regex==2024.5.15
      - requests==2.32.3
      - safetensors==0.4.3
      - sentencepiece==0.2.0
      - soupsieve==2.5
      - sqlalchemy==2.0.31
      - sympy==1.12
      - tbb==2021.11.0
      - tenacity==8.5.0
      - tokenizers==0.19.1
      - torch==2.3.1+cu118
      - torchaudio==2.3.1+cu118
      - torchvision==0.18.1+cu118
      - tqdm==4.66.4
      - transformers==4.42.4
      - typing-extensions==4.9.0
      - typing-inspect==0.9.0
      - urllib3==2.2.2
      - yarl==1.9.4
prefix: C:\Users\79827\miniconda3\envs\ChatOps
